21 31 43 13
21 32 43 13
31 41 23 12
31 41 24 12
31 41 32 12
31 41 34 12
31 42 32 12
31 42 34 12
21 31 24 13
21 41 24 13
21 43 24 13
31 43 23 12
31 43 24 12
21 34 24 13
21 41 34 13
21 42 34 13
32 12 34 12
32 12 42 12
32 12 43 12
13 21 41 23
13 23 41 23
13 24 31 23
13 41 21 23
21 42 31 23
32 12 42 31
32 13 42 31
13 41 31 23
13 42 31 24
32 13 24 31
32 14 24 31
32 13 21 41
32 14 21 41
32 12 31 41
32 14 31 41
14 21 31 23
14 21 41 23
14 23 41 23
32 12 32 41
32 14 32 41
14 24 31 23
14 31 41 23
14 32 41 23
32 13 23 41
32 14 23 41
32 14 32 12
32 12 42 12
32 13 42 12
21 31 41 23
32 42 12 31
32 43 12 31
13 21 41 23
13 21 43 23
13 21 34 23
34 23 12 31
34 24 12 31
13 21 31 43
13 21 32 43
41 23 12 31
41 24 12 31
41 32 12 31
41 34 12 31
13 21 32 14
13 21 42 14
13 21 43 14
13 21 34 14
42 32 12 31
42 34 12 31
13 21 31 24
13 21 41 24
13 21 43 24
43 23 12 31
43 24 12 31
13 21 34 24
13 21 41 34
13 21 42 34
12 34 12 32
12 42 12 32
12 43 12 32