43 42 43 21
24 23 42 31
34 24 23 21
32 43 42 31
42 43 23 21
41 43 42 31
41 21 23 21
31 42 41 23
14 21 23 21
42 13 41 23
42 43 42 13
43 41 43 23
13 14 21 23
41 42 43 23
42 42 34 21
42 41 43 23
43 24 34 21
42 41 41 23
32 42 34 21
24 12 43 43
31 41 34 21
42 12 43 43
42 43 21 23
43 42 13 23
43 23 21 23
42 34 32 41
24 32 42 31
43 21 32 41
34 32 31 41
34 21 42 42
24 34 23 41
34 13 42 42
34 32 13 41
23 24 13 42
42 34 24 31
42 34 13 42
24 23 24 31
42 34 21 42
41 34 24 31
31 24 32 42
32 43 24 31
14 24 23 42
42 43 24 31
34 23 12 32
13 42 14 32
34 32 31 42
42 34 21 32
32 34 31 42
13 41 21 32
43 24 31 32
41 42 34 32
23 24 31 42
43 41 34 32
43 41 24 32
41 24 34 32
42 31 24 32
21 24 34 32
43 43 24 12
43 43 42 12
34 32 41 42
24 24 34 12
42 32 41 42
43 42 34 12
32 42 41 42
43 24 34 12
43 23 41 42
13 43 23 12
12 43 42 32
21 34 23 12
43 13 24 32
31 34 23 12
23 21 43 42
43 24 23 12
43 21 43 42
32 43 23 12
14 31 43 42
42 34 23 12
13 42 43 42
14 21 23 12
32 41 43 42
13 41 43 12
24 31 43 42
23 42 43 12
31 32 43 42
34 34 24 12
21 43 43 42
41 32 43 42
13 41 43 42
24 23 42 13
31 41 43 42
41 43 42 13
24 13 12 43
42 34 12 43
42 31 32 43
24 23 12 43
42 41 32 43
43 24 12 43
41 24 32 43
13 24 12 43
43 14 32 43
12 43 24 23
41 34 32 43
42 14 24 23
14 34 32 43
43 41 24 23
13 24 32 43
42 41 24 23
24 31 32 43
34 13 24 23
12 41 32 43
41 34 24 23
23 43 42 13
24 13 24 23
14 13 24 23
41 32 42 34
41 24 34 23
12 43 42 34
42 14 34 23
42 13 42 34
41 42 34 23
31 42 34 23
12 14 34 23
14 24 34 23
42 34 32 14
43 41 21 34
42 43 21 34
41 41 21 34
42 43 21 14
42 43 21 24
24 31 42 34
24 31 32 34
21 32 42 34
31 32 43 24
13 42 42 34
34 13 43 24
13 42 43 23
41 42 32 34
12 43 43 24
31 24 14 34
23 12 43 24
14 12 34 31
34 12 43 24
24 24 34 31
13 42 41 34
42 42 41 31
24 23 41 34
34 34 24 21
14 23 41 34
24 34 23 13
43 42 41 34
14 34 23 13
43 21 24 24
24 23 42 14
42 31 24 24
24 32 42 14
42 41 34 34
24 34 23 14
41 41 32 34
34 21 23 14
31 42 32 34
23 42 14 24
42 31 32 34
32 34 14 24
24 14 32 34
34 23 14 24
31 24 34 24
43 23 43 14
24 31 34 24
23 42 43 14
13 41 34 24
13 42 43 14
31 41 34 24
34 23 43 14
31 42 34 24
31 42 43 14
31 32 34 24
32 42 43 14
14 32 34 24
42 32 34 14
41 24 34 24
24 32 34 14
23 41 34 24
23 24 34 14
12 43 24 34
32 42 34 14
13 43 24 34
42 31 34 14
32 41 24 34
42 14 34 14
41 23 24 34
34 32 43 41
23 41 24 34
31 42 43 41
24 32 43 41
32 43 42 41
42 43 13 24
42 32 42 41
23 42 13 24
34 23 13 24
42 42 43 13
24 32 43 13
24 23 24 13
42 32 43 13
32 34 24 13
34 32 41 24
41 34 24 13
34 23 41 24
32 14 24 13
32 43 41 24
41 24 24 13
31 32 41 24
14 23 24 13
14 23 41 24
21 23 24 13
32 34 24 14
42 41 34 13
24 23 12 34
43 24 34 13
32 43 13 24
14 21 34 13
23 42 31 24
42 42 34 13
24 14 34 13
41 43 42 43
43 42 34 13
42 13 42 43
21 43 42 43
14 23 42 43
31 43 42 43
21 23 42 43
13 42 42 43
41 23 42 43
32 41 42 43
42 43 14 13
21 31 43 13
21 32 43 13
31 41 23 12
31 41 24 12
31 41 32 12
31 41 34 12
31 42 32 12
31 42 34 12
21 31 24 13
21 41 24 13
21 43 24 13
31 43 23 12
31 43 24 12
21 34 24 13
21 41 34 13
21 42 34 13
32 12 34 12
32 12 42 12
32 12 43 12
13 21 41 23
13 23 41 23
13 24 31 23
13 41 21 23
21 42 31 23
32 12 42 31
32 13 42 31
13 41 31 23
13 42 31 24
32 13 24 31
32 14 24 31
32 13 21 41
32 14 21 41
32 12 31 41
32 14 31 41
14 21 31 23
14 21 41 23
14 23 41 23
32 12 32 41
32 14 32 41
14 24 31 23
14 31 41 23
14 32 41 23
32 13 23 41
32 14 23 41
32 14 32 12
32 13 42 12
21 31 41 23
32 42 12 31
32 43 12 31
13 21 43 23
13 21 34 23
34 23 12 31
34 24 12 31
13 21 31 43
13 21 32 43
41 23 12 31
41 24 12 31
41 32 12 31
41 34 12 31
13 21 32 14
13 21 42 14
13 21 43 14
13 21 34 14
42 32 12 31
42 34 12 31
13 21 31 24
13 21 41 24
13 21 43 24
43 23 12 31
43 24 12 31
13 21 34 24
13 21 41 34
13 21 42 34
12 34 12 32
12 42 12 32
12 43 12 32